[gd_scene format=3 uid="uid://csvl5th81mvtq"]

[ext_resource type="Script" uid="uid://xd5gwaaqwtbn" path="res://Player/player.gd" id="1_4flbx"]

[sub_resource type="CapsuleMesh" id="CapsuleMesh_sh265"]

[sub_resource type="ConvexPolygonShape3D" id="ConvexPolygonShape3D_v0iea"]
points = PackedVector3Array(-0.12520654, -0.532801, -0.4805069, 0.022783129, 0.4760704, 0.49888408, 0.16971254, 0.5591441, 0.46417162, 0.23105091, -0.8035912, 0.32045516, 0.40741014, 0.651043, -0.24352328, -0.4827893, 0.59484255, 0.082213186, -0.3628679, -0.68231165, 0.2896967, 0.46904355, -0.65452886, -0.06627126, -0.12744367, 0.8427015, -0.33810276, -0.39343542, -0.6839421, -0.24471663, 0.43825462, 0.62330925, 0.20084947, 0.0841477, 0.977454, 0.11479468, -0.06820232, -0.9764576, -0.12927033, 0.20054972, -0.56312895, -0.4514544, -0.18552664, 0.59545326, -0.4534751, -0.27336287, 0.59226835, 0.40775412, -0.0069364863, -0.47682306, 0.49966025, 0.37582088, -0.5886136, 0.31695515, 0.111579016, 0.5630594, -0.48117727, -0.41725034, 0.5278656, -0.27049688, -0.48454633, -0.59697217, -0.06650971, -0.27974695, 0.90856135, 0.05333608, -0.25019687, -0.8807117, 0.20531891, 0.263647, -0.90277094, -0.1273943, 0.29336792, 0.8715263, -0.15719566, 0.3734115, -0.5263189, -0.32824618, 0.4996626, 0.47664148, -0.0068885577, 0.053105574, 0.8750009, 0.32470253, -0.15454252, -0.5908538, 0.4658794, -0.09727988, -0.7823577, -0.39818847, -0.3876489, -0.49817133, 0.31564978, -0.30067965, -0.58799505, -0.38890144)

[node name="Player" type="CharacterBody3D" unique_id=1606989128]
script = ExtResource("1_4flbx")

[node name="MeshInstance3D" type="MeshInstance3D" parent="." unique_id=1670492345]
mesh = SubResource("CapsuleMesh_sh265")

[node name="CollisionShape3D" type="CollisionShape3D" parent="." unique_id=196409092]
shape = SubResource("ConvexPolygonShape3D_v0iea")

[node name="CameraPivot" type="Node3D" parent="." unique_id=339159392]
transform = Transform3D(1, 0, 0, 0, 0.9139567, 0.40581167, 0, -0.40581167, 0.9139567, 0, 0.61232036, 0)

[node name="Camera3D" type="Camera3D" parent="CameraPivot" unique_id=1202069936]
transform = Transform3D(1, 0, 0, 0, 0.8864946, -0.46273917, 0, 0.46273917, 0.8864946, 0, 0.0955345, -0.2151599)

[node name="InteractRay" type="RayCast3D" parent="CameraPivot/Camera3D" unique_id=1557904672]
transform = Transform3D(1, 0, 0, 0, 0.99800277, 0.06317372, 0, -0.06317372, 0.99800277, 0, 0, -0.2)
target_position = Vector3(0, 0, -3)
collision_mask = 255
collide_with_areas = true
debug_shape_custom_color = Color(1, 0, 0, 1)
debug_shape_thickness = 1
